4nM Cas 12 Fc=2-1 - 1_X	4nM Cas 12 Fc=2-1 - 1_Y	2nM Cas 12 Fc=2-1 - 2_X	2nM Cas 12 Fc=2-1 - 2_Y	1nM Cas 12 Fc=2-1 - 1_X	1nM Cas 12 Fc=2-1 - 1_Y	Fit on 4nM Cas 12 Fc=2-1 - 1_X	Fit on 4nM Cas 12 Fc=2-1 - 1_Y	Fit on 2nM Cas 12 Fc=2-1 - 2_X	Fit on 2nM Cas 12 Fc=2-1 - 2_Y	Fit on 1nM Cas 12 Fc=2-1 - 1_X	Fit on 1nM Cas 12 Fc=2-1 - 1_Y
-18	-0.0393066	-18	-0.0117035	-18	0.146103	-18	0	-18	0	-18	0
-17	-0.272522	-17	-0.886322	-17	-0.455475	-17	0	-17	0	-17	0
-16	-0.076828	-16	0.323822	-16	-0.235168	-16	0	-16	0	-16	0
-15	-0.438538	-15	-0.0980377	-15	-0.190231	-15	0	-15	0	-15	0
-14	0.34584	-14	0.424606	-14	0.357819	-14	0	-14	0	-14	0
-13	0.34584	-13	0.898819	-13	0.589844	-13	0	-13	0	-13	0
-12	0.0841217	-12	0.182022	-12	0.110931	-12	0	-12	0	-12	0
-11	0.262238	-11	-0.098053	-11	0.495682	-11	0	-11	0	-11	0
-10	-0.708084	-10	-0.513275	-10	-0.141022	-10	0	-10	0	-10	0
-9	-0.161972	-9	-0.0730438	-9	-0.388657	-9	0	-9	0	-9	0
-8	0.523193	-8	0.51329	-8	-0.140625	-8	0	-8	0	-8	0
-7	-0.702606	-7	-0.03125	-7	-0.589066	-7	0	-7	0	-7	0
-6	-1.07954	-6	-0.8246	-6	-1.10506	-6	0	-6	0	-6	0
-5	-0.82135	-5	-1.02499	-5	-1.27657	-5	0	-5	0	-5	0
-4	-1.41432	-4	-0.135544	-4	-0.691406	-4	0	-4	0	-4	0
-3	-0.875641	-3	0.501953	-3	0.338669	-3	0	-3	0	-3	0
-2	-0.0514221	-2	0.139847	-2	-0.0613251	-2	0	-2	0	-2	0
-1	-0.355713	-1	-0.379288	-1	-3.3074	-1	1.6777	-1	-1.81082	-1	-1.52325
0	-2.36079	0	-0.173813	0	-3.24141	0	1.96448	0	-1.66743	0	-1.45155
1	-2.25066	1	0.498047	1	-2.1543	1	2.25125	1	-1.52405	1	-1.37986
2	-1.78111	2	0.387497	2	-0.727737	2	2.538	2	-1.38066	2	-1.30816
3	-0.961197	3	0.275391	3	-0.555084	3	2.82474	3	-1.23728	3	-1.23647
4	-0.099472	4	0.628128	4	-0.097641	4	3.11148	4	-1.09391	4	-1.16478
5	0.0919189	5	0.826553	5	-0.119919	5	3.3982	5	-0.950532	5	-1.09309
6	-0.487366	6	0.111725	6	-0.617188	6	3.6849	6	-0.807161	6	-1.0214
7	-0.278	7	-0.0167999	7	-1.42889	7	3.9716	7	-0.663793	7	-0.949711
8	0.265762	8	0.57695	8	-0.371094	8	4.25829	8	-0.520429	8	-0.878024
9	0.774353	9	0.835953	9	-0.178528	9	4.54496	9	-0.377068	9	-0.806338
10	0.190369	10	0.781265	10	-0.155441	10	4.83163	10	-0.23371	10	-0.734652
11	0.86615	11	0.823044	11	-0.125015	11	5.11828	11	-0.0903555	11	-0.662968
12	1.60599	12	1.42227	12	-0.702362	12	5.40492	12	0.0529959	12	-0.591284
13	1.647	13	1.46407	13	-0.0418091	13	5.69155	13	0.196344	13	-0.519602
14	1.35092	14	1.01018	14	-0.164459	14	5.97817	14	0.339689	14	-0.447921
15	1.9888	15	1.33905	15	-0.212494	15	6.26478	15	0.483031	15	-0.37624
16	3.36966	16	1.79297	16	0.3797	16	6.55137	16	0.626369	16	-0.304561
17	3.00014	17	1.83047	17	0.297256	17	6.83796	17	0.769704	17	-0.232882
18	3.07083	18	1.92032	18	-0.168732	18	7.12453	18	0.913037	18	-0.161205
19	3.79271	19	2.47423	19	0.135559	19	7.41109	19	1.05637	19	-0.0895284
20	4.49466	20	2.3418	20	0.126556	20	7.69764	20	1.19969	20	-0.0178529
21	4.25716	21	1.51172	21	-0.0339966	21	7.98418	21	1.34301	21	0.0538215
22	3.98921	22	1.79727	22	-0.11171	22	8.27071	22	1.48633	22	0.125495
23	4.90639	23	2.33087	23	0.337097	23	8.55722	23	1.62965	23	0.197167
24	5.40717	24	2.25586	24	0.0515594	24	8.84373	24	1.77296	24	0.268839
25	6.56029	25	3.65392	25	0.480469	25	9.13022	25	1.91627	25	0.340509
26	6.39311	26	3.46877	26	0.90509	26	9.4167	26	2.05958	26	0.412179
27	5.39818	27	2.32695	27	0.133194	27	9.70317	27	2.20288	27	0.483847
28	6.65131	28	3.6418	28	1.00429	28	9.98963	28	2.34618	28	0.555515
29	7.95288	29	4.18634	29	1.11916	29	10.2761	29	2.48948	29	0.627181
30	7.87241	30	3.13477	30	1.22267	30	10.5625	30	2.63277	30	0.698847
31	8.22826	31	3.60429	31	1.43007	31	10.8489	31	2.77606	31	0.770511
32	8.46576	32	4.10899	32	0.764053	32	11.1354	32	2.91935	32	0.842175
33	8.54544	33	3.12891	33	0.860947	33	11.4218	33	3.06263	33	0.913837
34	8.77632	34	3.60431	34	1.06993	34	11.7081	34	3.20591	34	0.985498
35	10.199	35	3.97969	35	2.03827	35	11.9945	35	3.34919	35	1.05716
36	9.60013	36	3.95938	36	2.22343	36	12.2809	36	3.49246	36	1.12882
37	10.3462	37	4.07501	37	1.28632	37	12.5673	37	3.63573	37	1.20048
38	10.354	38	3.94296	38	1.30898	38	12.8536	38	3.779	38	1.27213
39	10.6591	39	4.52148	39	1.42577	39	13.1399	39	3.92226	39	1.34379
40	11.7611	40	3.84297	40	1.56366	40	13.4263	40	4.06553	40	1.41545
41	11.9997	41	4.83046	41	2.55078	41	13.7126	41	4.20878	41	1.4871
42	12.0587	42	4.52852	42	1.85704	42	13.9989	42	4.35204	42	1.55875
43	12.6337	43	4.67421	43	2.02734	43	14.2852	43	4.49529	43	1.63041
44	12.9189	44	5.88321	44	2.37073	44	14.5714	44	4.63854	44	1.70206
45	12.8224	45	5.19727	45	1.87578	45	14.8577	45	4.78178	45	1.77371
46	13.3798	46	5.27306	46	1.5797	46	15.144	46	4.92502	46	1.84536
47	14.7181	47	6.34807	47	2.50938	47	15.4302	47	5.06826	47	1.91701
48	14.4521	48	5.96054	48	2.58945	48	15.7164	48	5.2115	48	1.98865
49	14.5337	49	5.00783	49	1.75548	49	16.0027	49	5.35473	49	2.0603
50	15.658	50	6.2047	50	2.41173	50	16.2889	50	5.49796	50	2.13195
51	16.1974	51	6.8582	51	3.02187	51	16.5751	51	5.64119	51	2.20359
52	16.5474	52	6.73438	52	3.04257	52	16.8612	52	5.78441	52	2.27523
53	16.3802	53	6.72501	53	2.99805	53	17.1474	53	5.92763	53	2.34688
54	16.4857	54	6.64493	54	2.91406	54	17.4336	54	6.07084	54	2.41852
55	16.7759	55	6.86133	55	2.93866	55	17.7197	55	6.21406	55	2.49016
56	17.549	56	6.8586	56	2.77774	56	18.0059	56	6.35727	56	2.5618
57	17.92	57	7.39452	57	3.79767	57	18.292	57	6.50047	57	2.63344
58	17.9498	58	6.82541	58	2.85117	58	18.5781	58	6.64367	58	2.70507
59	17.9974	59	6.83907	59	2.79376	59	18.8642	59	6.78687	59	2.77671
60	19.1872	60	7.67578	60	3.35001	60	19.1503	60	6.93007	60	2.84835
61	19.049	61	7.92267	61	3.50392	61	19.4364	61	7.07326	61	2.91998
62	19.3169	62	7.60547	62	3.19218	62	19.7225	62	7.21646	62	2.99161
63	20.2607	63	8.08516	63	3.51799	63	20.0086	63	7.35964	63	3.06325
64	20.6853	64	8.50702	64	4.01875	64	20.2946	64	7.50283	64	3.13488
65	20.0201	65	7.89413	65	3.48477	65	20.5806	65	7.64601	65	3.20651
66	21.5111	66	8.54063	66	4.44258	66	20.8667	66	7.78918	66	3.27814
67	22.4411	67	9.24767	67	4.91757	67	21.1527	67	7.93236	67	3.34977
68	22.0587	68	8.8922	68	4.3586	68	21.4387	68	8.07553	68	3.4214
69	22.063	69	9.20314	69	4.01601	69	21.7247	69	8.2187	69	3.49302
70	22.0076	70	8.16875	70	3.57811	70	22.0107	70	8.36186	70	3.56465
71	22.7681	71	8.85313	71	4.09569	71	22.2966	71	8.50502	71	3.63627
72	23.6443	72	9.12305	72	4.50584	72	22.5826	72	8.64818	72	3.7079
73	23.6794	73	9.25859	73	4.71642	73	22.8685	73	8.79134	73	3.77952
74	24.4396	74	9.90117	74	4.24376	74	23.1545	74	8.93449	74	3.85114
75	24.0552	75	9.27657	75	3.90858	75	23.4404	75	9.07764	75	3.92276
76	24.3033	76	10.5746	76	4.69374	76	23.7263	76	9.22078	76	3.99438
77	24.3048	77	9.42422	77	3.88167	77	24.0122	77	9.36392	77	4.066
78	25.2458	78	9.95392	78	4.87616	78	24.2981	78	9.50706	78	4.13762
79	25.3564	79	9.84766	79	4.59142	79	24.584	79	9.6502	79	4.20923
80	25.7716	80	9.38319	80	4.67656	80	24.8699	80	9.79333	80	4.28085
81	26.2083	81	10.1473	81	4.99765	81	25.1557	81	9.93646	81	4.35246
82	26.2154	82	10.2187	82	4.60469	82	25.4416	82	10.0796	82	4.42408
83	27.2177	83	10.3734	83	5.26329	83	25.7274	83	10.2227	83	4.49569
84	27.5009	84	11.2586	84	5.16016	84	26.0132	84	10.3658	84	4.5673
85	26.6775	85	10.7508	85	4.98828	85	26.299	85	10.5089	85	4.63891
86	28.2701	86	11.4016	86	5.80197	86	26.5848	86	10.6521	86	4.71052
87	28.4783	87	11.4781	87	4.9371	87	26.8706	87	10.7952	87	4.78213
88	27.9896	88	10.9367	88	4.58319	88	27.1564	88	10.9383	88	4.85374
89	28.665	89	10.7523	89	4.66251	89	27.4422	89	11.0814	89	4.92534
90	29.0529	90	11.359	90	5.12578	90	27.7279	90	11.2245	90	4.99695
91	28.8177	91	11.3113	91	5.67072	91	28.0137	91	11.3676	91	5.06855
92	30.1154	92	12.2746	92	5.90977	92	28.2994	92	11.5107	92	5.14016
93	30.5974	93	11.8277	93	6.01915	93	28.5851	93	11.6538	93	5.21176
94	30.8189	94	11.8242	94	6.72031	94	28.8708	94	11.7968	94	5.28336
95	30.6974	95	12.6016	95	5.82071	95	29.1565	95	11.9399	95	5.35496
96	30.5935	96	11.6855	96	4.94412	96	29.4422	96	12.083	96	5.42656
97	31.9318	97	12.7027	97	5.45821	97	29.7279	97	12.2261	97	5.49816
98	32.024	98	12.8707	98	6.00665	98	30.0136	98	12.3692	98	5.56976
99	32.306	99	12.6609	99	6.53673	99	30.2992	99	12.5122	99	5.64136
100	32.597	100	13.2094	100	5.65157	100	30.5849	100	12.6553	100	5.71295
101	33.6021	101	14.0094	101	6.10039	101	30.8705	101	12.7984	101	5.78455
102	33.2115	102	13.2574	102	6.25667	102	31.1561	102	12.9414	102	5.85614
103	33.0099	103	13.1031	103	5.93869	103	31.4417	103	13.0845	103	5.92773
104	34.2341	104	13.4082	104	7.03908	104	31.7273	104	13.2275	104	5.99932
105	34.4513	105	13.5883	105	6.34451	105	32.0129	105	13.3706	105	6.07091
106	34.8806	106	13.2262	106	6.59258	106	32.2985	106	13.5136	106	6.1425
107	33.9427	107	13.3664	107	5.68712	107	32.5841	107	13.6567	107	6.21409
108	35.188	108	14.168	108	6.31056	108	32.8696	108	13.7997	108	6.28568
109	35.9255	109	14.5586	109	7.07697	109	33.1551	109	13.9428	109	6.35727
110	35.8493	110	14.3957	110	6.22694	110	33.4407	110	14.0858	110	6.42885
111	35.8712	111	14.584	111	6.62732	111	33.7262	111	14.2288	111	6.50044
112	36.4361	112	13.9207	112	6.55273	112	34.0117	112	14.3719	112	6.57202
113	35.9826	113	13.843	113	6.47459	113	34.2972	113	14.5149	113	6.6436
114	37.7095	114	15.1223	114	7.1949	114	34.5827	114	14.6579	114	6.71519
115	37.4884	115	15.393	115	7.06288	115	34.8682	115	14.8009	115	6.78677
116	37.7052	116	14.727	116	7.36369	116	35.1536	116	14.9439	116	6.85835
117	37.5033	117	14.5938	117	7.26096	117	35.4391	117	15.087	117	6.92992
118	37.6701	118	14.4227	118	6.99297	118	35.7245	118	15.23	118	7.0015
119	39.2294	119	15.7008	119	7.24414	119	36.0099	119	15.373	119	7.07308
120	38.4509	120	14.8289	120	6.34454	120	36.2953	120	15.516	120	7.14465
121	39.0216	121	14.9629	121	6.96095	121	36.5808	121	15.659	121	7.21623
122	38.0732	122	15.1148	122	6.59648	122	36.8661	122	15.802	122	7.2878
123	39.2771	123	15.5867	123	6.85704	123	37.1515	123	15.945	123	7.35938
124	40.5138	124	16.3035	124	8.05038	124	37.4369	124	16.088	124	7.43095
125	39.7779	125	16.2578	125	7.08125	125	37.7223	125	16.2309	125	7.50252
126	40.0134	126	15.8848	126	7.16797	126	38.0076	126	16.3739	126	7.57409
127	39.988	127	15.6969	127	7.18634	127	38.2929	127	16.5169	127	7.64566
128	40.9583	128	16.2738	128	8.07069	128	38.5783	128	16.6599	128	7.71722
129	40.7454	129	15.9688	129	7.44492	129	38.8636	129	16.8029	129	7.78879
130	41.2716	130	15.8113	130	7.59492	130	39.1489	130	16.9458	130	7.86036
131	41.7271	131	16.3481	131	7.60274	131	39.4342	131	17.0888	131	7.93192
132	42.3517	132	16.9082	132	8.03009	132	39.7195	132	17.2318	132	8.00349
133	42.965	133	17.4805	133	8.34258	133	40.0047	133	17.3747	133	8.07505
134	43.0232	134	17.657	134	8.06523	134	40.29	134	17.5177	134	8.14661
135	42.6829	135	17.6644	135	8.2	135	40.5752	135	17.6606	135	8.21817
136	43.065	136	17.5336	136	8.24063	136	40.8605	136	17.8036	136	8.28973
137	43.1099	137	17.3109	137	7.93555	137	41.1457	137	17.9465	137	8.36129
138	43.7033	138	17.7203	138	8.45586	138	41.4309	138	18.0895	138	8.43285
139	44.0599	139	18.0395	139	7.94141	139	41.7161	139	18.2324	139	8.5044
140	43.5251	140	18.2047	140	8.12813	140	42.0013	140	18.3754	140	8.57596
141	43.6595	141	18.0731	141	7.95703	141	42.2865	141	18.5183	141	8.64752
142	45.022	142	18.2856	142	8.7547	142	42.5716	142	18.6612	142	8.71907
143	44.6974	143	17.5891	143	8.32695	143	42.8568	143	18.8042	143	8.79062
144	45.6451	144	17.8633	144	8.4039	144	43.1419	144	18.9471	144	8.86217
145	45.7884	145	18.332	145	8.28709	145	43.4271	145	19.09	145	8.93372
146	45.6751	146	18.2891	146	8.61171	146	43.7122	146	19.2329	146	9.00527
147	45.5763	147	18.5641	147	8.44296	147	43.9973	147	19.3759	147	9.07682
148	45.8376	148	18.7582	148	7.98749	148	44.2824	148	19.5188	148	9.14837
149	46.2657	149	18.2371	149	8.56796	149	44.5675	149	19.6617	149	9.21992
150	46.6767	150	19.0621	150	8.68436	150	44.8526	150	19.8046	150	9.29146
151	47.2478	151	18.7656	151	8.0883	151	45.1376	151	19.9475	151	9.36301
152	46.3576	152	18.8047	152	9.159	152	45.4227	152	20.0904	152	9.43455
153	46.581	153	18.5348	153	8.46603	153	45.7077	153	20.2333	153	9.5061
154	47.4591	154	18.9797	154	8.60509	154	45.9928	154	20.3762	154	9.57764
155	47.5849	155	19.2055	155	9.2043	155	46.2778	155	20.5191	155	9.64918
156	47.3779	156	19.0293	156	8.51561	156	46.5628	156	20.662	156	9.72072
157	48.1658	157	19.6703	157	8.97658	157	46.8478	157	20.8048	157	9.79226
158	49.0294	158	20.3742	158	9.89102	158	47.1328	158	20.9477	158	9.86379
159	48.488	159	20.0977	159	9.58945	159	47.4178	159	21.0906	159	9.93533
160	48.581	160	18.7285	160	8.29532	160	47.7027	160	21.2335	160	10.0069
161	48.6349	161	19.1293	161	9.04178	161	47.9877	161	21.3764	161	10.0784
162	49.0115	162	19.5039	162	9.13319	162	48.2726	162	21.5192	162	10.1499
163	49.3568	163	19.3641	163	8.95663	163	48.5575	163	21.6621	163	10.2215
164	49.9525	164	20.284	164	8.9711	164	48.8425	164	21.805	164	10.293
165	49.8404	165	20.4613	165	8.97343	165	49.1274	165	21.9478	165	10.3645
166	49.7947	166	20.4313	166	8.74611	166	49.4123	166	22.0907	166	10.4361
167	49.7173	167	19.7399	167	8.99962	167	49.6971	167	22.2335	167	10.5076
168	50.1548	168	20.1332	168	9.33438	168	49.982	168	22.3764	168	10.5791
169	50.1763	169	20.293	169	8.77853	169	50.2669	169	22.5192	169	10.6506
170	50.44	170	19.9344	170	8.59297	170	50.5517	170	22.6621	170	10.7222
171	50.6915	171	20.6035	171	9.40509	171	50.8366	171	22.8049	171	10.7937
172	50.8111	172	21.1176	172	9.12267	172	51.1214	172	22.9477	172	10.8652
173	50.9361	173	20.5695	173	9.5047	173	51.4062	173	23.0906	173	10.9367
174	51.2533	174	20.2738	174	9.99063	174	51.691	174	23.2334	174	11.0083
175	51.9212	175	21.2629	175	10.6711	175	51.9758	175	23.3762	175	11.0798
176	52.8076	176	22.0348	176	10.8918	176	52.2606	176	23.519	176	11.1513
177	52.6275	177	20.7348	177	9.4543	177	52.5454	177	23.6619	177	11.2228
178	52.0357	178	22.9375	178	12.6219	178	52.8301	178	23.8047	178	11.2943
179	53.722	179	23.2543	179	13.6566	179	53.1149	179	23.9475	179	11.3659
180	53.7513	180	21.8219	180	11.7117	180	53.3996	180	24.0903	180	11.4374
181	51.7013	181	19.8359	181	9.58907	181	51.7559	181	25.9181	181	12.9691
182	52.4201	182	20.3816	182	9.77225	182	51.7556	182	25.918	182	12.9691
183	52.858	183	21.6109	183	10.5383	183	51.7553	183	25.9179	183	12.969
184	52.9247	184	21.5359	184	10.0559	184	51.7551	184	25.9177	184	12.9689
185	52.8771	185	21.5738	185	9.96835	185	51.7548	185	25.9176	185	12.9689
186	52.4759	186	21.2023	186	10.0273	186	51.7545	186	25.9174	186	12.9688
187	52.2513	187	20.5457	187	9.89804	187	51.7542	187	25.9173	187	12.9687
188	52.9279	188	21.3359	188	9.42502	188	51.754	188	25.9172	188	12.9687
189	53.024	189	21.0695	189	9.54727	189	51.7537	189	25.917	189	12.9686
190	52.831	190	21.2578	190	9.49063	190	51.7534	190	25.9169	190	12.9685
191	53.0001	191	21.9789	191	9.74689	191	51.7531	191	25.9168	191	12.9684
192	52.738	192	20.75	192	9.29337	192	51.7528	192	25.9166	192	12.9684
193	52.8025	193	20.627	193	10.0531	193	51.7526	193	25.9165	193	12.9683
194	53.1068	194	21.636	194	10.2379	194	51.7523	194	25.9163	194	12.9682
195	53.0376	195	21.4125	195	9.78632	195	51.752	195	25.9162	195	12.9682
196	52.7454	196	21.093	196	10.1586	196	51.7517	196	25.9161	196	12.9681
197	53.1806	197	21.3348	197	9.72461	197	51.7515	197	25.9159	197	12.968
198	53.1197	198	21.3887	198	10.7645	198	51.7512	198	25.9158	198	12.968
199	52.44	199	20.7231	199	10.084	199	51.7509	199	25.9156	199	12.9679
200	52.8126	200	21.1426	200	9.89102	200	51.7506	200	25.9155	200	12.9678
201	52.2533	201	20.2027	201	9.9164	201	51.7504	201	25.9154	201	12.9678
202	53.2997	202	20.9168	202	9.35272	202	51.7501	202	25.9152	202	12.9677
203	53.3224	203	21.7551	203	9.84688	203	51.7498	203	25.9151	203	12.9676
204	52.3615	204	21.3	204	9.50549	204	51.7495	204	25.915	204	12.9675
205	52.7275	205	20.6496	205	9.47459	205	51.7493	205	25.9148	205	12.9675
206	53.2204	206	21.1859	206	9.92032	206	51.749	206	25.9147	206	12.9674
207	53.7119	207	21.6262	207	9.53436	207	51.7487	207	25.9145	207	12.9673
208	53.3146	208	21.45	208	9.82773	208	51.7484	208	25.9144	208	12.9673
209	53.4783	209	21.4734	209	10.2152	209	51.7481	209	25.9143	209	12.9672
210	53.0349	210	21.6207	210	9.59492	210	51.7479	210	25.9141	210	12.9671
211	52.0244	211	20.7469	211	9.21953	211	51.7476	211	25.914	211	12.9671
212	52.7872	212	21.0984	212	9.85507	212	51.7473	212	25.9138	212	12.967
213	53.5982	213	22.3641	213	10.634	213	51.747	213	25.9137	213	12.9669
214	53.1857	214	20.9805	214	9.82381	214	51.7468	214	25.9136	214	12.9668
215	53.1357	215	21.1895	215	10.1578	215	51.7465	215	25.9134	215	12.9668
216	52.729	216	21.2719	216	9.57968	216	51.7462	216	25.9133	216	12.9667
217	52.7654	217	21.1059	217	8.88397	217	51.7459	217	25.9132	217	12.9666
218	53.2228	218	21.2109	218	10.0234	218	51.7457	218	25.913	218	12.9666
219	52.3513	219	20.882	219	9.89571	219	51.7454	219	25.9129	219	12.9665
220	52.8732	220	20.8492	220	10.0348	220	51.7451	220	25.9127	220	12.9664
221	54.2853	221	22.0359	221	10.6754	221	51.7448	221	25.9126	221	12.9664
222	53.7079	222	21.9445	222	10.4699	222	51.7446	222	25.9125	222	12.9663
223	53.1646	223	21.6352	223	10.5477	223	51.7443	223	25.9123	223	12.9662
224	52.8064	224	21.3086	224	9.89024	224	51.744	224	25.9122	224	12.9662
225	53.64	225	22.4379	225	10.1359	225	51.7437	225	25.9121	225	12.9661
226	53.6521	226	22.0692	226	9.89532	226	51.7434	226	25.9119	226	12.966
227	53.6806	227	21.5211	227	9.73401	227	51.7432	227	25.9118	227	12.9659
228	54.4849	228	22.2399	228	10.6754	228	51.7429	228	25.9116	228	12.9659
229	53.2232	229	21.2473	229	9.61055	229	51.7426	229	25.9115	229	12.9658
230	53.6162	230	22.2629	230	10.8793	230	51.7423	230	25.9114	230	12.9657
231	53.3126	231	21.7973	231	10.7941	231	51.7421	231	25.9112	231	12.9657
232	53.8739	232	22.1074	232	10.3804	232	51.7418	232	25.9111	232	12.9656
233	54.0079	233	21.9891	233	10.6496	233	51.7415	233	25.9109	233	12.9655
234	53.5482	234	21.8356	234	9.91368	234	51.7412	234	25.9108	234	12.9655
235	53.4361	235	21.8637	235	10.277	235	51.741	235	25.9107	235	12.9654
236	53.59	236	21.5023	236	10.2965	236	51.7407	236	25.9105	236	12.9653
237	53.4677	237	21.7106	237	9.90118	237	51.7404	237	25.9104	237	12.9653
238	53.7372	238	21.834	238	10.4344	238	51.7401	238	25.9103	238	12.9652
239	53.9443	239	21.793	239	10.7586	239	51.7399	239	25.9101	239	12.9651
240	52.6751	240	21.0445	240	9.44765	240	51.7396	240	25.91	240	12.965
241	53.288	241	21.8969	241	9.77228	241	51.7393	241	25.9098	241	12.965
242	53.3478	242	21.8121	242	10.3234	242	51.739	242	25.9097	242	12.9649
243	53.3935	243	21.5504	243	9.87462	243	51.7387	243	25.9096	243	12.9648
244	53.5095	244	21.5598	244	10.1547	244	51.7385	244	25.9094	244	12.9648
245	53.8228	245	21.5605	245	10.4281	245	51.7382	245	25.9093	245	12.9647
246	53.6396	246	22.0707	246	9.81291	246	51.7379	246	25.9091	246	12.9646
247	53.5423	247	21.4762	247	10.2711	247	51.7376	247	25.909	247	12.9646
248	53.3224	248	21.0145	248	10.318	248	51.7374	248	25.9089	248	12.9645
249	53.7767	249	22.6195	249	10.5797	249	51.7371	249	25.9087	249	12.9644
250	53.7935	250	21.3949	250	9.78984	250	51.7368	250	25.9086	250	12.9644
251	53.7841	251	22.0395	251	10.425	251	51.7365	251	25.9085	251	12.9643
252	53.3513	252	21.6734	252	9.86288	252	51.7363	252	25.9083	252	12.9642
253	53.5974	253	21.7141	253	9.85234	253	51.736	253	25.9082	253	12.9641
254	54.2822	254	22.3184	254	10.5887	254	51.7357	254	25.908	254	12.9641
255	54.2978	255	21.7742	255	10.5047	255	51.7354	255	25.9079	255	12.964
256	54.0318	256	21.7395	256	10.3559	256	51.7352	256	25.9078	256	12.9639
257	53.7462	257	21.7598	257	10.5063	257	51.7349	257	25.9076	257	12.9639
258	53.2076	258	20.6051	258	9.6875	258	51.7346	258	25.9075	258	12.9638
259	53.3654	259	21.8672	259	10.4164	259	51.7343	259	25.9073	259	12.9637
260	53.9747	260	21.6672	260	10.5551	260	51.7341	260	25.9072	260	12.9637
261	53.3818	261	21.4566	261	9.85118	261	51.7338	261	25.9071	261	12.9636
262	53.3005	262	21.9606	262	10.1156	262	51.7335	262	25.9069	262	12.9635
263	54.8775	263	22.6766	263	11.1387	263	51.7332	263	25.9068	263	12.9635
264	54.2263	264	21.9633	264	10.482	264	51.7329	264	25.9067	264	12.9634
265	54.3072	265	22.1816	265	10.7742	265	51.7327	265	25.9065	265	12.9633
266	54.1771	266	22.0957	266	10.7399	266	51.7324	266	25.9064	266	12.9632
267	53.5169	267	22.6012	267	10.8113	267	51.7321	267	25.9062	267	12.9632
268	53.6544	268	21.6395	268	10.6344	268	51.7318	268	25.9061	268	12.9631
269	54.2568	269	22.3902	269	11.0379	269	51.7316	269	25.906	269	12.963
270	54.3728	270	21.9996	270	10.8172	270	51.7313	270	25.9058	270	12.963
271	54.4173	271	22.107	271	10.7461	271	51.731	271	25.9057	271	12.9629
272	53.8025	272	22.8598	272	10.8187	272	51.7307	272	25.9055	272	12.9628
273	54.2388	273	22.2168	273	10.5711	273	51.7305	273	25.9054	273	12.9628
274	55.0236	274	22.934	274	10.9601	274	51.7302	274	25.9053	274	12.9627
275	53.3876	275	22.2215	275	9.68947	275	51.7299	275	25.9051	275	12.9626
276	54.2548	276	22.1582	276	10.377	276	51.7296	276	25.905	276	12.9626
277	54.3052	277	22.4598	277	10.9887	277	51.7294	277	25.9049	277	12.9625
278	53.6443	278	22.2422	278	10.4918	278	51.7291	278	25.9047	278	12.9624
279	54.654	279	22.8738	279	11.0547	279	51.7288	279	25.9046	279	12.9623
280	54.149	280	22.0809	280	10.4785	280	51.7285	280	25.9044	280	12.9623
281	54.6931	281	22.7711	281	11.0758	281	51.7282	281	25.9043	281	12.9622
282	53.9017	282	23.0043	282	10.7598	282	51.728	282	25.9042	282	12.9621
283	54.5759	283	22.1895	283	10.3172	283	51.7277	283	25.904	283	12.9621
284	53.9439	284	22.2176	284	10.6719	284	51.7274	284	25.9039	284	12.962
285	53.8517	285	22.5367	285	11.1695	285	51.7271	285	25.9037	285	12.9619
286	54.5247	286	22.6309	286	10.4531	286	51.7269	286	25.9036	286	12.9619
287	54.1384	287	22.2973	287	10.4617	287	51.7266	287	25.9035	287	12.9618
288	52.4779	288	20.8398	288	10.4613	288	51.7263	288	25.9033	288	12.9617
289	54.4681	289	22.6711	289	11.4805	289	51.726	289	25.9032	289	12.9617
290	54.9228	290	23.0188	290	10.777	290	51.7258	290	25.9031	290	12.9616
291	54.2345	291	22.3258	291	11.4883	291	51.7255	291	25.9029	291	12.9615
292	53.6494	292	22.6445	292	10.659	292	51.7252	292	25.9028	292	12.9614
293	53.8931	293	22.6516	293	10.9547	293	51.7249	293	25.9026	293	12.9614
294	53.7654	294	22.2996	294	11.418	294	51.7247	294	25.9025	294	12.9613
295	53.2923	295	21.8961	295	10.4527	295	51.7244	295	25.9024	295	12.9612
296	54.0806	296	22.0813	296	10.4168	296	51.7241	296	25.9022	296	12.9612
297	53.8474	297	22.4812	297	10.4785	297	51.7238	297	25.9021	297	12.9611
298	53.1673	298	22.2785	298	9.6965	298	51.7236	298	25.9019	298	12.961
299	54.8665	299	21.9473	299	10.4434	299	51.7233	299	25.9018	299	12.961
300	54.088	300	21.8195	300	10.6824	300	51.723	300	25.9017	300	12.9609
301	53.9138	301	21.9438	301	10.898	301	51.7227	301	25.9015	301	12.9608
302	53.6122	302	22.548	302	10.5168	302	51.7224	302	25.9014	302	12.9608
303	54.5919	303	22.9039	303	11.2625	303	51.7222	303	25.9013	303	12.9607
304	54.3193	304	23.0117	304	10.6273	304	51.7219	304	25.9011	304	12.9606
305	53.6974	305	22.8098	305	10.1828	305	51.7216	305	25.901	305	12.9605
306	53.5013	306	22.4617	306	10.3059	306	51.7213	306	25.9008	306	12.9605
307	54.1236	307	22.8242	307	11.5262	307	51.7211	307	25.9007	307	12.9604
308	54.29	308	22.2957	308	11.2375	308	51.7208	308	25.9006	308	12.9603
309	54.5732	309	22.4371	309	11.8285	309	51.7205	309	25.9004	309	12.9603
310	54.6142	310	23.2672	310	11.0297	310	51.7202	310	25.9003	310	12.9602
311	54.0157	311	23.116	311	11.5914	311	51.72	311	25.9001	311	12.9601
312	53.8775	312	21.9219	312	11.2602	312	51.7197	312	25.9	312	12.9601
313	54.065	313	21.8121	313	10.766	313	51.7194	313	25.8999	313	12.96
314	53.8068	314	22.5473	314	11.3098	314	51.7191	314	25.8997	314	12.9599
315	54.3122	315	21.9254	315	10.7274	315	51.7189	315	25.8996	315	12.9599
316	54.3572	316	22.7277	316	10.85	316	51.7186	316	25.8995	316	12.9598
317	54.1286	317	22.7777	317	10.55	317	51.7183	317	25.8993	317	12.9597
318	53.4415	318	22.7301	318	10.2012	318	51.718	318	25.8992	318	12.9596
319	52.8857	319	22.2762	319	10.1395	319	51.7177	319	25.899	319	12.9596
320	54.2341	320	23.4211	320	10.9242	320	51.7175	320	25.8989	320	12.9595
321	54.3552	321	22.5496	321	10.609	321	51.7172	321	25.8988	321	12.9594
322	54.8193	322	22.559	322	11.4605	322	51.7169	322	25.8986	322	12.9594
323	54.3576	323	23.9289	323	11.7063	323	51.7166	323	25.8985	323	12.9593
324	53.0408	324	21.8281	324	10.4727	324	51.7164	324	25.8984	324	12.9592
325	53.4103	325	22.1422	325	10.748	325	51.7161	325	25.8982	325	12.9592
326	53.7958	326	22.6152	326	10.6059	326	51.7158	326	25.8981	326	12.9591
327	54.1939	327	23.4164	327	11.0012	327	51.7155	327	25.8979	327	12.959
328	54.3126	328	22.6922	328	11.6258	328	51.7153	328	25.8978	328	12.959
329	55.072	329	23.1418	329	11.5105	329	51.715	329	25.8977	329	12.9589
330	53.7318	330	22.4289	330	10.452	330	51.7147	330	25.8975	330	12.9588
331	54.0095	331	22.4199	331	10.6281	331	51.7144	331	25.8974	331	12.9587
332	53.8333	332	22.7676	332	11.4039	332	51.7142	332	25.8972	332	12.9587
333	52.9775	333	22.0969	333	10.7012	333	51.7139	333	25.8971	333	12.9586
334	53.9579	334	21.9481	334	10.6336	334	51.7136	334	25.897	334	12.9585
335	54.5943	335	23.0309	335	11.1469	335	51.7133	335	25.8968	335	12.9585
336	53.7845	336	23.1805	336	11.034	336	51.7131	336	25.8967	336	12.9584
337	53.8275	337	21.7293	337	10.9473	337	51.7128	337	25.8966	337	12.9583
338	53.2665	338	22.0324	338	10.7465	338	51.7125	338	25.8964	338	12.9583
339	53.565	339	22.5879	339	11.0586	339	51.7122	339	25.8963	339	12.9582
340	54.2451	340	22.5973	340	11.1996	340	51.7119	340	25.8961	340	12.9581
341	54.683	341	22.6906	341	11.7238	341	51.7117	341	25.896	341	12.9581
342	53.0158	342	22.3445	342	10.4215	342	51.7114	342	25.8959	342	12.958
343	53.6009	343	22.2164	343	10.6836	343	51.7111	343	25.8957	343	12.9579
344	54.0454	344	22.5535	344	10.9606	344	51.7108	344	25.8956	344	12.9578
345	53.7927	345	23.1188	345	10.7758	345	51.7106	345	25.8954	345	12.9578
346	54.0951	346	22.5844	346	10.9309	346	51.7103	346	25.8953	346	12.9577
347	54.424	347	22.9625	347	11.3227	347	51.71	347	25.8952	347	12.9576
348	53.2681	348	22.2168	348	10.3582	348	51.7097	348	25.895	348	12.9576
349	53.8611	349	21.8613	349	11.257	349	51.7095	349	25.8949	349	12.9575
350	53.6322	350	22.3043	350	11.0945	350	51.7092	350	25.8948	350	12.9574
351	53.8388	351	22.4719	351	10.8652	351	51.7089	351	25.8946	351	12.9574
352	54.1615	352	22.5891	352	11.8555	352	51.7086	352	25.8945	352	12.9573
353	54.3888	353	23.107	353	12.6265	353	51.7084	353	25.8943	353	12.9572
354	55.0294	354	23.5879	354	11.6199	354	51.7081	354	25.8942	354	12.9572
355	54.3978	355	23.3203	355	11.1031	355	51.7078	355	25.8941	355	12.9571
356	54.2958	356	23.2281	356	11.1105	356	51.7075	356	25.8939	356	12.957
357	54.8212	357	23.3051	357	11.591	357	51.7073	357	25.8938	357	12.9569
358	53.8997	358	23.2859	358	10.5918	358	51.707	358	25.8936	358	12.9569
359	54.4572	359	21.9926	359	11.3902	359	51.7067	359	25.8935	359	12.9568
360	54.4493	360	22.9664	360	11.9059	360	51.7064	360	25.8934	360	12.9567
361	53.49	361	22.7492	361	10.375	361	51.7061	361	25.8932	361	12.9567
362	53.7814	362	22.132	362	10.9227	362	51.7059	362	25.8931	362	12.9566
363	54.9536	363	23.4152	363	11.5715	363	51.7056	363	25.893	363	12.9565
364	54.9794	364	23.543	364	12.1813	364	51.7053	364	25.8928	364	12.9565
365	54.1044	365	22.3336	365	10.9656	365	51.705	365	25.8927	365	12.9564
366	53.5665	366	22.6449	366	10.6121	366	51.7048	366	25.8925	366	12.9563
367	53.379	367	23.0402	367	11.6012	367	51.7045	367	25.8924	367	12.9563
368	53.922	368	22.7605	368	11.5211	368	51.7042	368	25.8923	368	12.9562
369	54.0275	369	23.009	369	10.7254	369	51.7039	369	25.8921	369	12.9561
370	54.0611	370	22.582	370	10.975	370	51.7037	370	25.892	370	12.956
371	53.8955	371	22.077	371	11.3363	371	51.7034	371	25.8918	371	12.956
372	54.9658	372	23.4219	372	12.5113	372	51.7031	372	25.8917	372	12.9559
373	54.1001	373	22.8234	373	11.1254	373	51.7028	373	25.8916	373	12.9558
374	53.1017	374	23.0395	374	11.0442	374	51.7026	374	25.8914	374	12.9558
375	53.081	375	23.4191	375	11.2097	375	51.7023	375	25.8913	375	12.9557
376	54.3431	376	22.8238	376	11.2	376	51.702	376	25.8912	376	12.9556
377	54.1869	377	23.1356	377	12.2871	377	51.7017	377	25.891	377	12.9556
378	54.4646	378	23.302	378	11.6848	378	51.7015	378	25.8909	378	12.9555
379	54.0708	379	22.7023	379	11.5148	379	51.7012	379	25.8907	379	12.9554
380	54.1423	380	22.8895	380	11.4933	380	51.7009	380	25.8906	380	12.9554
381	54.0392	381	22.7719	381	11.243	381	51.7006	381	25.8905	381	12.9553
382	53.8212	382	22.7613	382	11.1266	382	51.7003	382	25.8903	382	12.9552
383	53.8388	383	23.0914	383	11.4355	383	51.7001	383	25.8902	383	12.9551
384	54.1521	384	23.2043	384	11.2273	384	51.6998	384	25.8901	384	12.9551
385	54.1482	385	23.5934	385	11.1145	385	51.6995	385	25.8899	385	12.955
386	53.9029	386	22.1988	386	11.1191	386	51.6992	386	25.8898	386	12.9549
387	54.0029	387	22.9785	387	11.607	387	51.699	387	25.8896	387	12.9549
388	53.9443	388	23.0797	388	11.1387	388	51.6987	388	25.8895	388	12.9548
389	53.872	389	22.8465	389	11.934	389	51.6984	389	25.8894	389	12.9547
390	53.8533	390	22.8559	390	11.0594	390	51.6981	390	25.8892	390	12.9547
391	55.5165	391	23.4332	391	12.4414	391	51.6979	391	25.8891	391	12.9546
392	54.2482	392	23.1149	392	11.5766	392	51.6976	392	25.8889	392	12.9545
393	54.1326	393	22.9367	393	11.0953	393	51.6973	393	25.8888	393	12.9545
394	54.4419	394	23.3746	394	11.5922	394	51.697	394	25.8887	394	12.9544
395	53.815	395	23.2184	395	11.359	395	51.6968	395	25.8885	395	12.9543
396	54.529	396	23.0133	396	11.7992	396	51.6965	396	25.8884	396	12.9542
397	54.8177	397	23.7277	397	12.6476	397	51.6962	397	25.8883	397	12.9542
398	54.2251	398	22.8399	398	11.6137	398	51.6959	398	25.8881	398	12.9541
399	54.9536	399	23.9527	399	11.6016	399	51.6957	399	25.888	399	12.954
400	54.0794	400	23.7688	400	11.5531	400	51.6954	400	25.8878	400	12.954
401	54.2224	401	22.7735	401	11.6031	401	51.6951	401	25.8877	401	12.9539
402	54.4142	402	23.1309	402	11.7195	402	51.6948	402	25.8876	402	12.9538
403	54.6919	403	23.4777	403	12.05	403	51.6945	403	25.8874	403	12.9538
404	54.3907	404	22.7648	404	11.5637	404	51.6943	404	25.8873	404	12.9537
405	53.5642	405	23.2027	405	11.7133	405	51.694	405	25.8871	405	12.9536
406	54.2302	406	23.5121	406	11.5582	406	51.6937	406	25.887	406	12.9536
407	53.6474	407	22.7555	407	10.8238	407	51.6934	407	25.8869	407	12.9535
408	53.6626	408	23.0516	408	11.1406	408	51.6932	408	25.8867	408	12.9534
409	54.4556	409	23.5805	409	11.9379	409	51.6929	409	25.8866	409	12.9534
410	54.4966	410	23.1649	410	12.1926	410	51.6926	410	25.8865	410	12.9533
411	54.449	411	23.6656	411	11.7246	411	51.6923	411	25.8863	411	12.9532
412	55.0165	412	23.7961	412	11.9637	412	51.6921	412	25.8862	412	12.9531
413	53.665	413	22.8602	413	10.5141	413	51.6918	413	25.886	413	12.9531
414	54.7923	414	23.7656	414	11.8192	414	51.6915	414	25.8859	414	12.953
415	54.3755	415	23.6133	415	12.6863	415	51.6912	415	25.8858	415	12.9529
416	53.8767	416	22.6078	416	12.0516	416	51.691	416	25.8856	416	12.9529
417	54.4939	417	23.5289	417	11.832	417	51.6907	417	25.8855	417	12.9528
418	54.3103	418	23.5953	418	11.3043	418	51.6904	418	25.8854	418	12.9527
419	54.1939	419	23.1375	419	11.4785	419	51.6901	419	25.8852	419	12.9527
420	53.9689	420	23.0176	420	11.077	420	51.6899	420	25.8851	420	12.9526
421	54.0396	421	22.934	421	11.3856	421	51.6896	421	25.8849	421	12.9525
422	53.4548	422	22.8176	422	11.482	422	51.6893	422	25.8848	422	12.9525
423	53.7857	423	22.1117	423	11.2859	423	51.689	423	25.8847	423	12.9524
424	53.9251	424	23.2094	424	11.7617	424	51.6888	424	25.8845	424	12.9523
425	53.8384	425	23.3941	425	12.5172	425	51.6885	425	25.8844	425	12.9522
426	53.1529	426	21.7684	426	11.068	426	51.6882	426	25.8842	426	12.9522
427	53.4373	427	22.9867	427	11.3949	427	51.6879	427	25.8841	427	12.9521
428	54.1779	428	23.7762	428	11.6727	428	51.6876	428	25.884	428	12.952
429	53.7677	429	23.5297	429	11.9203	429	51.6874	429	25.8838	429	12.952
430	53.4013	430	23.5008	430	11.1645	430	51.6871	430	25.8837	430	12.9519
431	53.7923	431	22.4695	431	11.0867	431	51.6868	431	25.8836	431	12.9518
432	53.8396	432	21.9086	432	10.9375	432	51.6865	432	25.8834	432	12.9518
433	53.4154	433	22.9684	433	11.4961	433	51.6863	433	25.8833	433	12.9517
434	54.4658	434	23.9582	434	12.2098	434	51.686	434	25.8831	434	12.9516
435	53.2142	435	22.216	435	10.7594	435	51.6857	435	25.883	435	12.9516
436	54.1318	436	23.5258	436	12.4523	436	51.6854	436	25.8829	436	12.9515
437	54.0443	437	22.9937	437	11.4777	437	51.6852	437	25.8827	437	12.9514
438	52.9091	438	22.5652	438	11.3426	438	51.6849	438	25.8826	438	12.9513
439	53.7825	439	23.0063	439	12.1773	439	51.6846	439	25.8824	439	12.9513
440	54.7521	440	23.8187	440	12.2773	440	51.6843	440	25.8823	440	12.9512
441	53.8505	441	22.7758	441	10.9402	441	51.6841	441	25.8822	441	12.9511
442	54.2747	442	22.6941	442	11.4773	442	51.6838	442	25.882	442	12.9511
443	54.1419	443	22.6977	443	11.6848	443	51.6835	443	25.8819	443	12.951
444	54.0208	444	22.8262	444	11.6238	444	51.6832	444	25.8818	444	12.9509
445	53.3947	445	23.0727	445	11.5707	445	51.683	445	25.8816	445	12.9509
446	53.6974	446	22.9102	446	11.6363	446	51.6827	446	25.8815	446	12.9508
447	52.8958	447	22.3672	447	10.9121	447	51.6824	447	25.8813	447	12.9507
448	53.4919	448	23.0898	448	11.4	448	51.6821	448	25.8812	448	12.9507
449	53.9986	449	23.6457	449	11.857	449	51.6818	449	25.8811	449	12.9506
450	52.9423	450	23.4504	450	11.2336	450	51.6816	450	25.8809	450	12.9505
451	53.6548	451	22.9438	451	10.6883	451	51.6813	451	25.8808	451	12.9504
452	54.6329	452	24.0902	452	12.4348	452	51.681	452	25.8806	452	12.9504
453	53.4353	453	22.916	453	11.9316	453	51.6807	453	25.8805	453	12.9503
454	53.606	454	22.709	454	11.9449	454	51.6805	454	25.8804	454	12.9502
455	54.3279	455	23.9543	455	11.5062	455	51.6802	455	25.8802	455	12.9502
456	53.4224	456	22.9996	456	11.8313	456	51.6799	456	25.8801	456	12.9501
457	53.722	457	22.8203	457	10.8949	457	51.6796	457	25.88	457	12.95
458	53.5841	458	22.8566	458	11.2063	458	51.6794	458	25.8798	458	12.95
459	52.2294	459	21.9254	459	11.1453	459	51.6791	459	25.8797	459	12.9499
460	53.6376	460	22.5531	460	11.3906	460	51.6788	460	25.8795	460	12.9498
461	54.265	461	23.3574	461	12.452	461	51.6785	461	25.8794	461	12.9498
462	54.1181	462	23.2016	462	11.6059	462	51.6783	462	25.8793	462	12.9497
463	53.9169	463	22.5789	463	11.4063	463	51.678	463	25.8791	463	12.9496
464	54.6158	464	23.5039	464	12.6559	464	51.6777	464	25.879	464	12.9495
465	54.3001	465	23.316	465	12.4984	465	51.6774	465	25.8789	465	12.9495
466	53.8787	466	22.5164	466	10.8043	466	51.6772	466	25.8787	466	12.9494
467	54.2576	467	22.9457	467	11.1922	467	51.6769	467	25.8786	467	12.9493
468	53.0658	468	22.4828	468	10.8559	468	51.6766	468	25.8784	468	12.9493
469	53.62	469	23.0215	469	11.2277	469	51.6763	469	25.8783	469	12.9492
470	53.0271	470	23.2445	470	11.5199	470	51.6761	470	25.8782	470	12.9491
471	53.7197	471	23.0898	471	11.768	471	51.6758	471	25.878	471	12.9491
472	53.9693	472	22.9277	472	11.4527	472	51.6755	472	25.8779	472	12.949
473	54.2489	473	23.3457	473	11.6988	473	51.6752	473	25.8777	473	12.9489
474	53.8704	474	23.5902	474	12.15	474	51.6749	474	25.8776	474	12.9489
475	52.9677	475	22.4246	475	11.2016	475	51.6747	475	25.8775	475	12.9488
476	53.8626	476	23.0699	476	11.2578	476	51.6744	476	25.8773	476	12.9487
477	53.7517	477	23.1484	477	11.8265	477	51.6741	477	25.8772	477	12.9486
478	52.863	478	21.8934	478	11.127	478	51.6738	478	25.8771	478	12.9486
479	53.3142	479	22.7984	479	11.8828	479	51.6736	479	25.8769	479	12.9485
480	54.2333	480	23.5938	480	11.9633	480	51.6733	480	25.8768	480	12.9484
481	54.2849	481	23.1078	481	11.8602	481	51.673	481	25.8766	481	12.9484
482	54.0376	482	23.5926	482	11.8316	482	51.6727	482	25.8765	482	12.9483
483	54.4923	483	23.0664	483	12.0738	483	51.6725	483	25.8764	483	12.9482
484	52.9263	484	22.8938	484	10.7695	484	51.6722	484	25.8762	484	12.9482
485	53.5693	485	22.3359	485	11.5301	485	51.6719	485	25.8761	485	12.9481
486	53.5072	486	22.5227	486	11.3957	486	51.6716	486	25.8759	486	12.948
487	53.9294	487	23.5645	487	11.7027	487	51.6714	487	25.8758	487	12.948
488	54.1791	488	23.8242	488	11.609	488	51.6711	488	25.8757	488	12.9479
489	53.1845	489	23.1742	489	11.1824	489	51.6708	489	25.8755	489	12.9478
490	53.2451	490	24.0453	490	12.0067	490	51.6705	490	25.8754	490	12.9477
491	54.1384	491	23.4602	491	11.5324	491	51.6703	491	25.8753	491	12.9477
492	53.7052	492	23.5207	492	11.7383	492	51.67	492	25.8751	492	12.9476
493	53.6939	493	23.4234	493	12.4223	493	51.6697	493	25.875	493	12.9475
494	53.5068	494	22.732	494	12.1074	494	51.6694	494	25.8748	494	12.9475
495	52.8162	495	23.1785	495	11.3684	495	51.6692	495	25.8747	495	12.9474
496	53.0126	496	23.1867	496	11.2492	496	51.6689	496	25.8746	496	12.9473
497	53.6341	497	23.5816	497	11.7059	497	51.6686	497	25.8744	497	12.9473
498	53.5259	498	22.4363	498	11.2809	498	51.6683	498	25.8743	498	12.9472
499	54.506	499	23.8629	499	11.8691	499	51.668	499	25.8742	499	12.9471
500	53.7837	500	23.5227	500	12.1957	500	51.6678	500	25.874	500	12.9471
501	53.1064	501	23.3715	501	11.6672	501	51.6675	501	25.8739	501	12.947
502	52.6896	502	22.5777	502	11.1937	502	51.6672	502	25.8737	502	12.9469
503	53.1693	503	22.6363	503	10.7965	503	51.6669	503	25.8736	503	12.9468
504	53.6662	504	23.709	504	11.9028	504	51.6667	504	25.8735	504	12.9468
505	53.1642	505	23.4285	505	11.7723	505	51.6664	505	25.8733	505	12.9467
506	54.2341	506	23.2621	506	12.8652	506	51.6661	506	25.8732	506	12.9466
507	53.3974	507	23.2805	507	11.716	507	51.6658	507	25.873	507	12.9466
508	53.3556	508	23.9902	508	11.5555	508	51.6656	508	25.8729	508	12.9465
509	53.2142	509	22.8129	509	11.957	509	51.6653	509	25.8728	509	12.9464
510	53.3072	510	23.259	510	11.773	510	51.665	510	25.8726	510	12.9464
511	53.6662	511	23.7023	511	12.175	511	51.6647	511	25.8725	511	12.9463
512	53.5283	512	22.9957	512	11.5449	512	51.6645	512	25.8724	512	12.9462
513	53.599	513	22.5711	513	11.0934	513	51.6642	513	25.8722	513	12.9462
514	53.3677	514	22.8668	514	11.5063	514	51.6639	514	25.8721	514	12.9461
515	53.5564	515	23.4695	515	11.5774	515	51.6636	515	25.8719	515	12.946
516	53.6224	516	23.2598	516	11.4898	516	51.6634	516	25.8718	516	12.9459
517	54.2455	517	24.3758	517	12.6117	517	51.6631	517	25.8717	517	12.9459
518	53.806	518	23.2442	518	12.2836	518	51.6628	518	25.8715	518	12.9458
519	53.4349	519	22.4785	519	11.9879	519	51.6625	519	25.8714	519	12.9457
520	53.4716	520	23.7574	520	11.9766	520	51.6623	520	25.8713	520	12.9457
521	53.6935	521	23.5191	521	12.1528	521	51.662	521	25.8711	521	12.9456
522	53.5345	522	23.0152	522	11.3703	522	51.6617	522	25.871	522	12.9455
523	53.224	523	22.7078	523	11.0801	523	51.6614	523	25.8708	523	12.9455
524	53.8978	524	23.2223	524	12.3078	524	51.6611	524	25.8707	524	12.9454
525	53.763	525	23.0168	525	12.3367	525	51.6609	525	25.8706	525	12.9453
526	53.1583	526	22.9094	526	11.5352	526	51.6606	526	25.8704	526	12.9453
527	53.6013	527	23.0688	527	11.6922	527	51.6603	527	25.8703	527	12.9452
528	53.9861	528	23.6309	528	12.3414	528	51.66	528	25.8701	528	12.9451
529	53.5458	529	23.5629	529	11.5824	529	51.6598	529	25.87	529	12.945
530	53.0634	530	23.3188	530	11.8566	530	51.6595	530	25.8699	530	12.945
											
